MEMORY
  total            13.2 MB
  struct          159.0 KB
  buffer           11.4 KB
  arena            13.0 MB, used 0.2%

SIZES
  narena                13631488
  nbuffer               11712
  nplugin               0
  maxuse_stack          1852
  maxuse_arena          29512
  maxuse_con            1
  maxuse_efc            4
  solver_nisland        1
  ncon                  0
  ne                    0
  nf                    0
  nl                    0
  nefc                  0
  nJ                    0
  nA                    0
  nisland               0
  threadpool            0

TIMER
    0:  duration =  0.0059     number = 1
    1:  duration =  0.0056     number = 1
    2:  duration =  0          number = 0
    3:  duration =  0.0047     number = 1
    4:  duration =  0.0006     number = 1
    5:  duration =  0          number = 0
    6:  duration =  0.0001     number = 1
    7:  duration =  0.0002     number = 1
    8:  duration =  0.0008     number = 1
    9:  duration =  0.0001     number = 1
    10:  duration =  0.0031     number = 1
    11:  duration =  0.0004     number = 1
    12:  duration =  0          number = 1
    13:  duration =  0.0008     number = 1
    14:  duration =  0.0021     number = 1

ENERGY =   0         0       

TIME =  4.6e+02 

QPOS
   0       
   0       
   0       
   0.026   
   0.026   
   0       
   0       

QVEL
   0       
   0       
   0       
  -5.5e-18 
   9.9e-20 
   0       
   0       

QACC_WARMSTART
   0       
   0       
   0       
   2.7e-19 
  -4.9e-21 
   0       
   0       

QFRC_APPLIED
   0       
   0       
   0       
   0       
   0       
   0       
   0       

XFRC_APPLIED
   0         0         0         0         0         0       
   0         0         0         0         0         0       
   0         0         0         0         0         0       
   0         0         0         0         0         0       
   0         0         0         0         0         0       
   0         0         0         0         0         0       
   0         0         0         0         0         0       
   0         0         0         0         0         0       

QACC
   0       
   0       
   0       
   2.7e-19 
  -4.9e-21 
   0       
   0       

XPOS
   0         0         0       
   0         0         0       
   0         0         0       
   0         0         0       
   0         0         0       
   0         0         0       
  -0.47      0.026     0.01    
   0.5       0         0.01    

XQUAT
   1         0         0         0       
   1         0         0         0       
   1         0         0         0       
   1         0         0         0       
   1         0         0         0       
   1         0         0         0       
   1         0         0         0       
   1         0         0         0       

XMAT
   1         0         0         0         1         0         0         0         1       
   1         0         0         0         1         0         0         0         1       
   1         0         0         0         1         0         0         0         1       
   1         0         0         0         1         0         0         0         1       
   1         0         0         0         1         0         0         0         1       
   1         0         0         0         1         0         0         0         1       
   1         0         0         0         1         0         0         0         1       
   1         0         0         0         1         0         0         0         1       

XIPOS
   0         0         0       
   0         0         0       
   0         0        -0.051   
   0         0         0.015   
   0         0         0       
   0         0         0       
  -0.47      0.026     0.01    
   0.5       0         0.01    

XIMAT
   1         0         0         0         1         0         0         0         1       
   1         0         0         0         1         0         0         0         1       
   1         0         0         0         1         0         0         0         1       
   0         0         1         0        -1         0         1         0         0       
   1         0         0         0         1         0         0         0         1       
   1         0         0         0         1         0         0         0         1       
   1         0         0         0         1         0         0         0         1       
   1         0         0         0         1         0         0         0         1       

XANCHOR
   0         0         0       
   0         0         0       
   0         0         0       
  -0.5       0         0.01    
  -0.47      0         0.01    
   0.5       0         0.01    
   0.5       0         0.01    

XAXIS
   1         0         0       
   0         1         0       
   0         0         1       
   1         0         0       
   0         1         0       
   1         0         0       
   0         1         0       

GEOM_XPOS
   0         0        -0.1     
   0         0        -0.051   
   1         0.32      0.01    
   1        -0.32      0.01    
  -1         0         0.02    
   0         0.56      0.015   
   0        -0.56      0.015   
  -1         0.32      0.01    
  -1        -0.32      0.01    
   1         0         0.02    
   0         0         0.01    
  -0.47      0.026     0.01    
   0.5       0         0.01    

GEOM_XMAT
   1         0         0         0         1         0         0         0         1       
   1         0         0         0         1         0         0         0         1       
   0        -1         0         0         0        -1         1         0         0       
   0         1         0         0         0         1         1         0         0       
   1         0         0         0         1         0         0         0         1       
   1         0         0         0         1         0         0         0         1       
   1         0         0         0         1         0         0         0         1       
   0        -1         0         0         0        -1         1         0         0       
   0         1         0         0         0         1         1         0         0       
   1         0         0         0         1         0         0         0         1       
   1         0         0         0         1         0         0         0         1       
   1         0         0         0         1         0         0         0         1       
   1         0         0         0         1         0         0         0         1       

SITE_XPOS
   0         0        -0.05    
   0         0        -0.05    
   0         0         0.003   
   0.02      0         0.003   

SITE_XMAT
   1         0         0         0         1         0         0         0         1       
   1         0         0         0         1         0         0         0         1       
   1         0         0         0         1         0         0         0         1       
   1         0         0         0         1         0         0         0         1       

LIGHT_XPOS
   0         0         3       

LIGHT_XDIR
   0         0        -1       

SUBTREE_COM
   9.3e-06   9.3e-06  -0.046   
   0         0        -0.046   
   0         0        -0.051   
   0         0         0.015   
   0         0         0       
   0         0         0       
  -0.47      0.026     0.01    
   0.5       0         0.01    

CDOF
   0         0         0         1         0         0       
   0         0         0         0         1         0       
   0         0         1         0         0         0       
   0         0         0         1         0         0       
   0         0         0         0         1         0       
   0         0         0         1         0         0       
   0         0         0         0         1         0       

CINERT
   0         0         0         0         0         0         0         0         0         0       
   0         0         0         0         0         0         0         0         0         0       
   33        99        1.3e+02   0         0         0         0         0        -1.1       2.6e+02 
   4.4       11        15        0         0         0         0         0         1.1       18      
   0         0         0         0         0         0         0         0         0         0       
   2.5e-06   2.5e-06   5e-06     0         0         0         0         0         0         0.01    
   0.001     0.001     0.001     0         0         0         5.6e-18   0         0         0.1     
   0.001     0.001     0.001     0         0         0         0         0         0         0.1     

CRB
   0         0         0         0         0         0         0         0         0         0       
   37        1.1e+02   1.5e+02   0         0         0         0         0         2.2e-16   2.8e+02 
   33        99        1.3e+02   0         0         0         0         0        -1.1       2.6e+02 
   4.4       11        15        0         0         0         0         0         1.1       18      
   2.5e-06   2.5e-06   5e-06     0         0         0         0         0         0         0.01    
   2.5e-06   2.5e-06   5e-06     0         0         0         0         0         0         0.01    
   0.001     0.001     0.001     0         0         0         5.6e-18   0         0         0.1     
   0.001     0.001     0.001     0         0         0         0         0         0         0.1     

QM
   0.01      0         0         0         0         0         0       
   0         0.01      0         0         0         0         0       
   0         0         5e-06     0         0         0         0       
   0         0         0         0.1       0         0         0       
   0         0         0         0         0.1       0         0       
   0         0         0         0         0         0.1       0       
   0         0         0         0         0         0         0.1     

QLD
   0.01      0         0         0         0         0         0       
   0         0.01      0         0         0         0         0       
   0         0         5e-06     0         0         0         0       
   0         0         0         0.1       0         0         0       
   0         0         0         0         0.1       0         0       
   0         0         0         0         0         0.1       0       
   0         0         0         0         0         0         0.1     

QLDIAGINV
   1e+02   
   1e+02   
   2e+05   
   10      
   10      
   10      
   10      

B: body-dof matrix
---------
 xxxxxxx |
         |
         |
         |
 xxx     |
 xxx     |
    xx   |
      xx |
---------

B_rownnz              7 0 0 0 3 3 2 2

B_rowadr              0 7 7 7 7 10 13 15

B_colind              0 1 2 3 4 5 6 0 1 2 0 1 2 3 4 5 6

C: reduced dof-dof matrix
---------
 x       |
 xx      |
 xxx     |
    x    |
     x   |
      x  |
       x |
---------

C_rownnz              1 2 3 1 1 1 1

C_rowadr              0 1 3 6 7 8 9

C_colind              0 0 1 0 1 2 3 4 5 6

mapM2C                0 2 1 5 4 3 6 7 9 10

D: dof-dof matrix
---------
 Dxx     |
 xDx     |
 xxD     |
    Dx   |
    xD   |
      Dx |
      xD |
---------

D_rownnz              3 3 3 2 2 2 2

D_rowadr              0 3 6 9 11 13 15

D_colind              0 1 2 0 1 2 0 1 2 3 4 3 4 5 6 5 6

mapM2D                0 2 5 2 1 4 5 4 3 6 8 8 7 9 11 11 10

mapD2M                0 4 3 8 7 6 9 12 11 13 16 15

QDERIV
   0         0         0         0         0         0         0       
   0         0         0         0         0         0         0       
   0         0         0         0         0         0         0       
   0         0         0         0         0         0         0       
   0         0         0         0         0         0         0       
   0         0         0         0         0         0         0       
   0         0         0         0         0         0         0       

QLU
   0         0         0         0         0         0         0       
   0         0         0         0         0         0         0       
   0         0         0         0         0         0         0       
   0         0         0         0         0         0         0       
   0         0         0         0         0         0         0       
   0         0         0         0         0         0         0       
   0         0         0         0         0         0         0       

CONTACT
CVEL
   0         0         0         0         0         0       
   0         0         0         0         0         0       
   0         0         0         0         0         0       
   0         0         0         0         0         0       
   0         0         0         0         0         0       
   0         0         0         0         0         0       
   0         0         0        -5.5e-18   9.9e-20   0       
   0         0         0         0         0         0       

CDOF_DOT
   0         0         0         0         0         0       
   0         0         0         0         0         0       
   0         0         0         0         0         0       
   0         0         0         0         0         0       
   0         0         0         0         0         0       
   0         0         0         0         0         0       
   0         0         0         0         0         0       

QFRC_BIAS
   0       
   0       
   0       
   0       
   0       
   0       
   0       

QFRC_SPRING
   0       
   0       
   0       
   0       
   0       
   0       
   0       

QFRC_DAMPER
  -0       
  -0       
  -0       
   2.7e-20 
  -4.9e-22 
  -0       
  -0       

QFRC_GRAVCOMP
   0       
   0       
   0       
   0       
   0       
   0       
   0       

QFRC_FLUID
   0       
   0       
   0       
   0       
   0       
   0       
   0       

QFRC_PASSIVE
   0       
   0       
   0       
   2.7e-20 
  -4.9e-22 
   0       
   0       

SUBTREE_LINVEL
   0         0         0       
   0         0         0       
   0         0         0       
   0         0         0       
   0         0         0       
   0         0         0       
   0         0         0       
   0         0         0       

SUBTREE_ANGMOM
   0         0         0       
   0         0         0       
   0         0         0       
   0         0         0       
   0         0         0       
   0         0         0       
   0         0         0       
   0         0         0       

QFRC_ACTUATOR
   0       
   0       
   0       
   0       
   0       
   0       
   0       

QFRC_SMOOTH
   0       
   0       
   0       
   2.7e-20 
  -4.9e-22 
   0       
   0       

QACC_SMOOTH
   0       
   0       
   0       
   2.7e-19 
  -4.9e-21 
   0       
   0       

QFRC_CONSTRAINT
   0       
   0       
   0       
   0       
   0       
   0       
   0       

QFRC_INVERSE
   0       
   0       
   0       
   0       
   0       
   0       
   0       

CACC
   0         0         0         0         0         0       
   0         0         0         0         0         0       
   0         0         0         0         0         0       
   0         0         0         0         0         0       
   0         0         0         0         0         0       
   0         0         0         0         0         0       
   0         0         0         0         0         0       
   0         0         0         0         0         0       

CFRC_INT
   0         0         0         0         0         0       
   0         0         0         0         0         0       
   0         0         0         0         0         0       
   0         0         0         0         0         0       
   0         0         0         0         0         0       
   0         0         0         0         0         0       
   0         0         0         0         0         0       
   0         0         0         0         0         0       

CFRC_EXT
   0         0         0         0         0         0       
   0         0         0         0         0         0       
   0         0         0         0         0         0       
   0         0         0         0         0         0       
   0         0         0         0         0         0       
   0         0         0         0         0         0       
   0         0         0         0         0         0       
   0         0         0         0         0         0       

